0.0	2.0	1.24	0.271783289	0.10028	0.80	0.02	0.42	0.18	0.01	0.092943394	0.000707002	7.6
2.0	5.0	1.3	0.271783289	0.10028	0.20	0.22	0.42	0.18	0.01	0.071771276	0.000707002	7.6
5.0	10.0	1.32	0.268478574	0.10762	0.00	0.22	0.47	0.2	0.01	0.045106594	0.000538605	7
10.0	20.0	1.47	0.268478574	0.10762	0.00	0.22	0.47	0.2	0.01	0.024601322	0.000538605	7
20.0	30.0	1.73	0.283402389	0.12168	0.00	0.18	0.46	0.24	0.01	0	0.000357917	7
30.0	45.0	1.73	0.283402389	0.12168	0.00	0.12	0.46	0.24	0.01	0	0.000357917	7
45.0	60.0	1.6	0.29751603	0.12424	0.00	0.04	0.4	0.25	0.01	0	0.000351272	8
60.0	75.0	1.49	0.323351833	0.13022	0.00	0.03	0.3	0.27	0.01	0	0.000341718	8.3
75.0	90.0	1.49	0.284506368	0.10608	0.00	0.02	0.38	0.2	0.01	0	0.000593816	8.5
90.0	105.0	1.83	0.284506368	0.10608	0.00	0.01	0.38	0.2	0.01	0	0.000593816	8.5
105.0	120.0	1.83	0.233685477	0.09241	0.00	0	0.59	0.15	0.01	0	0.000902991	8.7
120.0	150.0	1.58	0.233685477	0.09241	0.00	0	0.59	0.15	0.01	0	0.000902991	8.7
150.0	180.0	1.6	0.189431503	0.07410	0.00	0	0.76	0.1	0.01	0	0.001870446	8.8
