0.0	2.0	1.45	0.275045145	0.1107073	0.80	0.02	0.45	0.21	0.01	0.094058871	0.000493328	7.1
2.0	5.0	1.46	0.275045145	0.1107073	0.20	0.22	0.45	0.21	0.01	0.072632652	0.000493328	7.1
5.0	10.0	1.53	0.275045145	0.1107073	0.00	0.22	0.45	0.21	0.01	0.046209831	0.000493328	7.1
10.0	20.0	1.41	0.33494297	0.1474382	0.00	0.22	0.33	0.31	0.01	0.030691611	0.000236336	7.1
20.0	30.0	1.58	0.384790082	0.1797734	0.00	0.18	0.25	0.38	0.01	0	0.000176239	7.4
30.0	45.0	1.58	0.328668959	0.1297315	0.00	0.12	0.27	0.27	0.01	0	0.000359169	8.3
45.0	60.0	1.39	0.303145579	0.1116062	0.00	0.04	0.31	0.22	0.01	0	0.000530707	8.7
60.0	75.0	1.45	0.303145579	0.1116062	0.00	0.03	0.31	0.22	0.01	0	0.000530707	8.7
75.0	90.0	1.45	0.278552349	0.1103394	0.00	0.02	0.43	0.21	0.01	0	0.000504387	8.8
90.0	105.0	1.66	0.313689982	0.1225406	0.00	0.01	0.31	0.25	0.01	0	0.000400508	8.5
105.0	120.0	1.66	0.313689982	0.1225406	0.00	0.00	0.31	0.25	0.01	0	0.000400508	8.5
120.0	150.0	1.7	0.313689982	0.1225406	0.00	0.00	0.31	0.25	0.01	0	0.000400508	8.5
150.0	180.0	1.7	0.295767619	0.1162517	0.00	0.00	0.37	0.23	0.01	0	0.000443214	8.3
