0.0	2.0	1.34	0.260030389	0.112352	0.80	0.02	0.54	0.21	0.01	0.088924182	0.000450983	7.7
2.0	5.0	1.34	0.260030389	0.112352	0.20	0.22	0.54	0.21	0.01	0.068667624	0.000450983	7.7
5.0	10.0	1.36	0.260030389	0.112352	0.00	0.22	0.54	0.21	0.01	0.043687229	0.000450983	7.7
10.0	20.0	1.34	0.294160296	0.128828	0.00	0.22	0.44	0.26	0.01	0.026954599	0.000303053	7.8
20.0	30.0	1.44	0.336866215	0.147325	0.00	0.18	0.32	0.31	0.01	0	0.000240457	8
30.0	45.0	1.44	0.33289052	0.133845	0.00	0.12	0.27	0.28	0.01	0	0.000330864	8
45.0	60.0	1.32	0.294230913	0.112510	0.00	0.04	0.36	0.22	0.01	0	0.000495786	8.3
60.0	75.0	1.29	0.296024592	0.112326	0.00	0.03	0.35	0.22	0.01	0	0.000502392	8.3
75.0	90.0	1.29	0.200825168	0.071805	0.00	0.02	0.68	0.09	0.01	0	0.002085814	8.3
90.0	105.0	1.61	0.152613962	0.044848	0.00	0.01	0.8	0.03	0.01	0	0.005700425	8.5
105.0	120.0	1.61	0.152613962	0.044848	0.00	0.00	0.8	0.03	0.01	0	0.005700425	8.7
120.0	150.0	2.3	0.152613962	0.044848	0.00	0.00	0.8	0.03	0.01	0	0.005700425	8.7
150.0	180.0	1.8	0.152613962	0.044848	0.00	0.00	0.8	0.03	0.01	0	0.005700425	8.6
