0	2	1.35	0.36385089	0.159439432	0.8	0.02	0.248	0.338	0.01	0.124428314	0.000226134	7.5
2	5	1.4	0.36385089	0.159439432	0.2	0.22	0.248	0.338	0.01	0.096084063	0.000226134	7.5
5	10	1.5	0.36385089	0.159439432	0	0.22	0.248	0.338	0.01	0.061129922	0.000226134	7.5
10	20	1.4	0.38667857	0.17204209	0	0.22	0.196	0.364	0.01	0.035432265	0.000214824	7.8
20	30	1.52	0.38667857	0.17204209	0	0.18	0.196	0.364	0.01	0	0.000214824	7.8
30	45	1.52	0.317190127	0.121767307	0	0.12	0.288	0.249	0.01	0	0.000418198	8.3
45	60	1.37	0.3054284	0.106285554	0	0.04	0.272	0.206	0.01	0	0.000642319	8.4
60	75	1.42	0.28400556	0.098145878	0	0.03	0.349	0.176	0.01	0	0.00079545	8.6
75	90	1.42	0.28400556	0.098145878	0	0.02	0.349	0.176	0.01	0	0.00079545	8.6
90	105	1.39	0.280403899	0.08898194	0	0.01	0.337	0.142	0.01	0	0.001171688	8.6
105	120	1.39	0.280403899	0.08898194	0	0	0.337	0.142	0.01	0	0.001171688	8.6
120	150	1.4	0.280403899	0.08898194	0	0	0.337	0.142	0.01	0	0.001171688	8.6
150	180	1.4	0.280403899	0.08898194	0	0	0.337	0.142	0.01	0	0.001171688	8.6
