0.0	2.0	1.1	0.327424701	0.125025	0.80	0.02	0.251	0.259	0.01	0.111971428	0.000406937	7.9
2.0	5.0	1.2	0.327424701	0.125025	0.20	0.22	0.251	0.259	0.01	0.086464803	0.000406937	7.9
5.0	10.0	1.33	0.327424701	0.125025	0.00	0.22	0.251	0.259	0.01	0.055010024	0.000406937	7.9
10.0	20.0	1.43	0.326212007	0.120459	0.00	0.22	0.232	0.248	0.01	0.029891572	0.000462013	8
20.0	30.0	1.29	0.326212007	0.120459	0.00	0.18	0.232	0.248	0.01	0	0.000462013	8
30.0	45.0	1.29	0.298601373	0.111305	0.00	0.12	0.332	0.218	0.01	0	0.000525013	7.8
45.0	60.0	1.44	0.272539398	0.101908	0.00	0.04	0.423	0.185	0.01	0	0.000666632	7.6
60.0	75.0	1.53	0.300444684	0.115361	0.00	0.03	0.342	0.229	0.01	0	0.000465001	7.7
75.0	90.0	1.53	0.300444684	0.115361	0.00	0.02	0.342	0.229	0.01	0	0.000465001	7.7
90.0	105.0	1.69	0.373529612	0.167549	0.00	0.01	0.242	0.355	0.01	0	0.000205989	7.6
105.0	120.0	1.69	0.373529612	0.167549	0.00	0	0.242	0.355	0.01	0	0.000205989	7.6
120.0	150.0	1.81	0.328706776	0.132404	0.00	0	0.284	0.276	0.01	0	0.000333781	7.4
150.0	180.0	1.81	0.328706776	0.132404	0.00	0	0.284	0.276	0.01	0	0.000333781	7.4
