0.0	2.0	1.3	0.278957708	0.10733	0.80	0.02	0.414	0.202	0.01	0.095396874	0.000559127	8
2.0	5.0	1.3	0.278957708	0.10733	0.20	0.22	0.414	0.202	0.01	0.073665863	0.000559127	8
5.0	10.0	1.4	0.278957708	0.10733	0.00	0.22	0.414	0.202	0.01	0.046867174	0.000559127	8
10.0	20.0	1.5	0.318305413	0.13511	0.00	0.22	0.35	0.28	0.01	0.029167073	0.000289878	8.1
20.0	30.0	1.65	0.346927167	0.15098	0.00	0.18	0.289	0.319	0.01	0	0.000238029	8
30.0	45.0	1.65	0.3758292	0.16461	0.00	0.12	0.213	0.349	0.01	0	0.000226313	8.1
45.0	60.0	1.64	0.312550172	0.12477	0.00	0.04	0.327	0.255	0.01	0	0.000373067	8.3
60.0	75.0	1.57	0.312550172	0.12477	0.00	0.03	0.327	0.255	0.01	0	0.000373067	8.3
75.0	90.0	1.57	0.269987376	0.09975	0.00	0.02	0.427	0.178	0.01	0	0.00071822	8.4
90.0	105.0	1.57	0.269987376	0.09975	0.00	0.01	0.427	0.178	0.01	0	0.00071822	8.4
105.0	120.0	1.57	0.269987376	0.09975	0.00	0.00	0.427	0.178	0.01	0	0.00071822	8.4
120.0	150.0	1.81	0.230704717	0.10406	0.00	0.00	0.6735	0.181	0.01	0	0.000583591	8.4
150.0	180.0	1.81	0.230704717	0.10406	0.00	0.00	0.6735	0.181	0.01	0	0.000583591	8.4
