0.0	2.0	1.53	0.221102842	0.09032	0.80	0.02	0.654	0.143	0.01	0.075611891	0.000973729	8
2.0	5.0	1.49	0.221102842	0.09032	0.20	0.22	0.654	0.143	0.01	0.058387818	0.000973729	8
5.0	10.0	1.67	0.221102842	0.09032	0.00	0.22	0.654	0.143	0.01	0.037147084	0.000973729	8
10.0	20.0	1.68	0.221102842	0.09032	0.00	0.22	0.654	0.143	0.01	0.020260173	0.000973729	8
20.0	30.0	1.57	0.229986665	0.10178	0.00	0.18	0.664	0.175	0.01	0	0.00063308	8.2
30.0	45.0	1.57	0.229986665	0.10178	0.00	0.12	0.664	0.175	0.01	0	0.00063308	8.2
45.0	60.0	1.55	0.22559744	0.09902	0.00	0.04	0.676	0.167	0.01	0	0.000700059	8.3
60.0	75.0	1.51	0.24341625	0.10713	0.00	0.03	0.61	0.192	0.01	0	0.000526529	8.4
75.0	90.0	1.51	0.24341625	0.10713	0.00	0.02	0.61	0.192	0.01	0	0.000526529	8.4
90.0	105.0	1.51	0.256619971	0.11314	0.00	0.01	0.564	0.211	0.01	0	0.000436608	8.4
105.0	120.0	1.51	0.256619971	0.11314	0.00	0	0.564	0.211	0.01	0	0.000436608	8.4
120.0	150.0	1.3	0.256619971	0.11314	0.00	0	0.564	0.211	0.01	0	0.000436608	8.4
150.0	180.0	1.3	0.423402863	0.19107	0.00	0	0.065	0.399	0.01	0	0.000241735	8.4
