0.0	2.0	1.28	0.296757168	0.12	0.80	0.02	0.38	0.238	0.01	0.101483864	0.000404619	8
2.0	5.0	1.35	0.296757168	0.12	0.20	0.22	0.38	0.238	0.01	0.078366263	0.000404619	8
5.0	10.0	1.53	0.296757168	0.12	0.00	0.22	0.38	0.238	0.01	0.049857628	0.000404619	8
10.0	20.0	1.62	0.315118839	0.13	0.00	0.22	0.317	0.257	0.01	0.028875079	0.000372177	8
20.0	30.0	1.72	0.335344912	0.14	0.00	0.18	0.295	0.296	0.01	0	0.000279225	7.9
30.0	45.0	1.72	0.335344912	0.14	0.00	0.12	0.295	0.296	0.01	0	0.000279225	7.9
45.0	60.0	1.68	0.331239093	0.14	0.00	0.04	0.303	0.29	0.01	0	0.000288656	8
60.0	75.0	1.58	0.343448363	0.15	0.00	0.03	0.278	0.307	0.01	0	0.000264799	8.1
75.0	90.0	1.58	0.357136387	0.15	0.00	0.02	0.231	0.318	0.01	0	0.000267047	8.3
90.0	105.0	1.58	0.357136387	0.15	0.00	0.01	0.231	0.318	0.01	0	0.000267047	8.3
105.0	120.0	1.58	0.311166912	0.14	0.00	0.00	0.424	0.296	0.01	0	0.000226487	8.3
120.0	150.0	1.58	0.311166912	0.14	0.00	0.00	0.424	0.296	0.01	0	0.000226487	8.3
150.0	180.0	1.58	0.223308816	0.10	0.00	0.00	0.7	0.17	0.01	0	0.000667739	8.4
