0.0	2.0	1.38	0.198566635	0.076191	0.80	0.02	0.715	0.104	0.01	0.067905047	0.001719896	8.2
2.0	5.0	1.37	0.198566635	0.076191	0.20	0.22	0.715	0.104	0.01	0.05243656	0.001719896	8.2
5.0	10.0	1.6	0.198566635	0.076191	0.00	0.22	0.715	0.104	0.01	0.033360817	0.001719896	8.2
10.0	20.0	1.69	0.250631395	0.108318	0.00	0.22	0.573	0.197	0.01	0.022965943	0.000509165	8.2
20.0	30.0	1.58	0.317908213	0.124233	0.00	0.18	0.297	0.255	0.01	0	0.000390889	8.3
30.0	45.0	1.58	0.317908213	0.124233	0.00	0.12	0.297	0.255	0.01	0	0.000390889	8.3
45.0	60.0	1.49	0.408074714	0.182636	0.00	0.04	0.129	0.384	0.01	0	0.00022365	8.2
60.0	75.0	1.58	0.408074714	0.182636	0.00	0.03	0.129	0.384	0.01	0	0.00022365	8.2
75.0	90.0	1.58	0.406484278	0.177990	0.00	0.02	0.1	0.375	0.01	0	0.000249578	8.5
90.0	105.0	1.5	0.406484278	0.177990	0.00	0.01	0.1	0.375	0.01	0	0.000249578	8.5
105.0	120.0	1.5	0.403544863	0.172772	0.00	0.00	0.07	0.365	0.01	0	0.000281252	8.3
120.0	150.0	1.36	0.403544863	0.172772	0.00	0.00	0.07	0.365	0.01	0	0.000281252	8.3
150.0	180.0	1.36	0.381204727	0.157037	0.00	0.00	0.125	0.334	0.01	0	0.000297657	8.1
